function y4_tj=fun1(x)
x1=x(1);
x2=x(2);
x3=x(3);
y4_tj=-107330*x1-12120*x2-10000*x3+3*x2^2+450*x1*x2+450*x1*x3....
+50*x2*x3+2201090;