function [c, ceq] = nlinconst1(X)
X1=X(1);
X2=X(2);
X3=X(3);
c=[-0.86728*X1-0.10696*X2+0.01754*X3-0.00096*X1^2+0.00026*X2^2....
-0.00005*X3^2+0.00557*X1*X2+0.00005*X1*X3+0.00005*X1*X3....
+0.00001*X2*X3+1.94743];
ceq=[];